00000000
00000000
00000000
00100000
00100000
00010000
00000000
00000101
00100000
00010001
00000000
00001111
00000010
00110000
10010000
00100100
00000010
00100000
10010000
00100101
00000010
00110000
10010000
00100000
00000010
00110000
10010000
00100010
00000000
00010001
10010000
00101010
00000000
00000000
00000000
00100000
00000000
00000000
00000000
00100000
00010010
01010000
00000000
00000010
00100010
00110010
00000000
00000001
00001000
00000000
00000000
00001010
00000010
01010000
10010000
00101010
10101100
00010001
00000000
00000000
10001100
00010010
00000000
00000000